# Created by Octave 4.4.0, Wed Jul 25 11:36:58 2018 GMT <unknown@DESKTOP-GFLDSJV>
# name: v
# type: matrix
# rows: 1
# columns: 10
 6.1101000000000001 5.5277000000000003 8.5185999999999993 7.0031999999999996 5.8597999999999999 8.3828999999999994 7.4763999999999999 8.5780999999999992 6.4862000000000002 5.0545999999999998


